(kicad_pcb (version 20171130) (host pcbnew 5.1.4-e60b266~84~ubuntu18.04.1)

  (general
    (thickness 1.6)
    (drawings 159)
    (tracks 153)
    (zones 0)
    (modules 84)
    (nets 2)
  )

  (page A4)
  (layers
    (0 F.Cu signal)
    (31 B.Cu signal)
    (32 B.Adhes user)
    (33 F.Adhes user)
    (34 B.Paste user)
    (35 F.Paste user)
    (36 B.SilkS user)
    (37 F.SilkS user)
    (38 B.Mask user)
    (39 F.Mask user)
    (40 Dwgs.User user)
    (41 Cmts.User user)
    (42 Eco1.User user)
    (43 Eco2.User user)
    (44 Edge.Cuts user)
    (45 Margin user)
    (46 B.CrtYd user)
    (47 F.CrtYd user)
    (48 B.Fab user)
    (49 F.Fab user hide)
  )

  (setup
    (last_trace_width 0.25)
    (user_trace_width 0.5)
    (trace_clearance 0.2)
    (zone_clearance 0.508)
    (zone_45_only no)
    (trace_min 0.2)
    (via_size 0.8)
    (via_drill 0.4)
    (via_min_size 0.4)
    (via_min_drill 0.3)
    (user_via 1.2 0.6)
    (uvia_size 0.3)
    (uvia_drill 0.1)
    (uvias_allowed no)
    (uvia_min_size 0.2)
    (uvia_min_drill 0.1)
    (edge_width 0.05)
    (segment_width 0.2)
    (pcb_text_width 0.3)
    (pcb_text_size 1.5 1.5)
    (mod_edge_width 0.12)
    (mod_text_size 1 1)
    (mod_text_width 0.15)
    (pad_size 1.8 1.8)
    (pad_drill 0.9)
    (pad_to_mask_clearance 0.051)
    (solder_mask_min_width 0.25)
    (aux_axis_origin 0 0)
    (visible_elements FEFFFF7F)
    (pcbplotparams
      (layerselection 0x018fc_ffffffff)
      (usegerberextensions false)
      (usegerberattributes false)
      (usegerberadvancedattributes false)
      (creategerberjobfile false)
      (excludeedgelayer true)
      (linewidth 0.100000)
      (plotframeref false)
      (viasonmask false)
      (mode 1)
      (useauxorigin false)
      (hpglpennumber 1)
      (hpglpenspeed 20)
      (hpglpendiameter 15.000000)
      (psnegative false)
      (psa4output false)
      (plotreference true)
      (plotvalue true)
      (plotinvisibletext false)
      (padsonsilk false)
      (subtractmaskfromsilk false)
      (outputformat 1)
      (mirror false)
      (drillshape 0)
      (scaleselection 1)
      (outputdirectory "/home/scott/Documents/Biomakespace/GeneticCircuits/Hat-Circuits/Hat-Circuits/Hat-Board-LED-Gerbers/"))
  )

  (net 0 "")
  (net 1 "Net-(D1-Pad1)")

  (net_class Default "This is the default net class."
    (clearance 0.2)
    (trace_width 0.25)
    (via_dia 0.8)
    (via_drill 0.4)
    (uvia_dia 0.3)
    (uvia_drill 0.1)
    (add_net "Net-(D1-Pad1)")
  )

  (module Resistor_THT:R_Axial_DIN0207_L6.3mm_D2.5mm_P7.62mm_Horizontal (layer F.Cu) (tedit 5AE5139B) (tstamp 5D8F7FED)
    (at 80.899 58.674 270)
    (descr "Resistor, Axial_DIN0207 series, Axial, Horizontal, pin pitch=7.62mm, 0.25W = 1/4W, length*diameter=6.3*2.5mm^2, http://cdn-reichelt.de/documents/datenblatt/B400/1_4W%23YAG.pdf")
    (tags "Resistor Axial_DIN0207 series Axial Horizontal pin pitch 7.62mm 0.25W = 1/4W length 6.3mm diameter 2.5mm")
    (fp_text reference R1 (at 3.81 -2.37 90) (layer F.SilkS)
      (effects (font (size 1 1) (thickness 0.15)))
    )
    (fp_text value R_Axial_DIN0207_L6.3mm_D2.5mm_P7.62mm_Horizontal (at 3.81 2.37 90) (layer F.Fab)
      (effects (font (size 1 1) (thickness 0.15)))
    )
    (fp_text user %R (at 3.81 0 90) (layer F.Fab)
      (effects (font (size 1 1) (thickness 0.15)))
    )
    (fp_line (start 8.67 -1.5) (end -1.05 -1.5) (layer F.CrtYd) (width 0.05))
    (fp_line (start 8.67 1.5) (end 8.67 -1.5) (layer F.CrtYd) (width 0.05))
    (fp_line (start -1.05 1.5) (end 8.67 1.5) (layer F.CrtYd) (width 0.05))
    (fp_line (start -1.05 -1.5) (end -1.05 1.5) (layer F.CrtYd) (width 0.05))
    (fp_line (start 7.08 1.37) (end 7.08 1.04) (layer F.SilkS) (width 0.12))
    (fp_line (start 0.54 1.37) (end 7.08 1.37) (layer F.SilkS) (width 0.12))
    (fp_line (start 0.54 1.04) (end 0.54 1.37) (layer F.SilkS) (width 0.12))
    (fp_line (start 7.08 -1.37) (end 7.08 -1.04) (layer F.SilkS) (width 0.12))
    (fp_line (start 0.54 -1.37) (end 7.08 -1.37) (layer F.SilkS) (width 0.12))
    (fp_line (start 0.54 -1.04) (end 0.54 -1.37) (layer F.SilkS) (width 0.12))
    (fp_line (start 7.62 0) (end 6.96 0) (layer F.Fab) (width 0.1))
    (fp_line (start 0 0) (end 0.66 0) (layer F.Fab) (width 0.1))
    (fp_line (start 6.96 -1.25) (end 0.66 -1.25) (layer F.Fab) (width 0.1))
    (fp_line (start 6.96 1.25) (end 6.96 -1.25) (layer F.Fab) (width 0.1))
    (fp_line (start 0.66 1.25) (end 6.96 1.25) (layer F.Fab) (width 0.1))
    (fp_line (start 0.66 -1.25) (end 0.66 1.25) (layer F.Fab) (width 0.1))
    (pad 2 thru_hole oval (at 7.62 0 270) (size 1.6 1.6) (drill 0.8) (layers *.Cu *.Mask))
    (pad 1 thru_hole circle (at 0 0 270) (size 1.6 1.6) (drill 0.8) (layers *.Cu *.Mask))
    (model ${KISYS3DMOD}/Resistor_THT.3dshapes/R_Axial_DIN0207_L6.3mm_D2.5mm_P7.62mm_Horizontal.wrl
      (at (xyz 0 0 0))
      (scale (xyz 1 1 1))
      (rotate (xyz 0 0 0))
    )
  )

  (module LED_THT:LED_D3.0mm_FlatTop (layer F.Cu) (tedit 5D8F4001) (tstamp 5D8F7FD9)
    (at 75.819 69.342 270)
    (descr "LED, Round, FlatTop, diameter 3.0mm, 2 pins, http://www.kingbright.com/attachments/file/psearch/000/00/00/L-47XEC(Ver.9A).pdf")
    (tags "LED Round FlatTop diameter 3.0mm 2 pins")
    (fp_text reference D2 (at -1.524 -2.032 90) (layer F.SilkS)
      (effects (font (size 1 1) (thickness 0.15)))
    )
    (fp_text value LED_D3.0mm_FlatTop (at 1.27 2.96 90) (layer F.Fab)
      (effects (font (size 1 1) (thickness 0.15)))
    )
    (fp_arc (start 1.27 0) (end -0.23 -1.16619) (angle 284.3) (layer F.Fab) (width 0.1))
    (fp_arc (start 1.27 0) (end -0.29 -1.235516) (angle 108.8) (layer F.SilkS) (width 0.12))
    (fp_arc (start 1.27 0) (end -0.29 1.235516) (angle -108.8) (layer F.SilkS) (width 0.12))
    (fp_arc (start 1.27 0) (end 0.229039 -1.08) (angle 87.9) (layer F.SilkS) (width 0.12))
    (fp_arc (start 1.27 0) (end 0.229039 1.08) (angle -87.9) (layer F.SilkS) (width 0.12))
    (fp_circle (center 1.27 0) (end 2.77 0) (layer F.Fab) (width 0.1))
    (fp_line (start -0.23 -1.16619) (end -0.23 1.16619) (layer F.Fab) (width 0.1))
    (fp_line (start -0.29 -1.236) (end -0.29 -1.08) (layer F.SilkS) (width 0.12))
    (fp_line (start -0.29 1.08) (end -0.29 1.236) (layer F.SilkS) (width 0.12))
    (fp_line (start -1.15 -2.25) (end -1.15 2.25) (layer F.CrtYd) (width 0.05))
    (fp_line (start -1.15 2.25) (end 3.7 2.25) (layer F.CrtYd) (width 0.05))
    (fp_line (start 3.7 2.25) (end 3.7 -2.25) (layer F.CrtYd) (width 0.05))
    (fp_line (start 3.7 -2.25) (end -1.15 -2.25) (layer F.CrtYd) (width 0.05))
    (pad 1 thru_hole rect (at 0 0 270) (size 1.8 1.8) (drill 0.9) (layers *.Cu *.Mask))
    (pad 2 thru_hole circle (at 2.54 0 270) (size 1.8 1.8) (drill 0.9) (layers *.Cu *.Mask))
    (model ${KISYS3DMOD}/LED_THT.3dshapes/LED_D3.0mm_FlatTop.wrl
      (at (xyz 0 0 0))
      (scale (xyz 1 1 1))
      (rotate (xyz 0 0 0))
    )
  )

  (module Package_TO_SOT_THT:TO-92_Inline (layer F.Cu) (tedit 5A1DD157) (tstamp 5D8F7FC1)
    (at 80.899 42.418 90)
    (descr "TO-92 leads in-line, narrow, oval pads, drill 0.75mm (see NXP sot054_po.pdf)")
    (tags "to-92 sc-43 sc-43a sot54 PA33 transistor")
    (fp_text reference Q1 (at 1.016 -3.81 180) (layer F.SilkS)
      (effects (font (size 1 1) (thickness 0.15)))
    )
    (fp_text value TO-92_Inline (at 1.27 2.79 90) (layer F.Fab)
      (effects (font (size 1 1) (thickness 0.15)))
    )
    (fp_arc (start 1.27 0) (end 1.27 -2.6) (angle 135) (layer F.SilkS) (width 0.12))
    (fp_arc (start 1.27 0) (end 1.27 -2.48) (angle -135) (layer F.Fab) (width 0.1))
    (fp_arc (start 1.27 0) (end 1.27 -2.6) (angle -135) (layer F.SilkS) (width 0.12))
    (fp_arc (start 1.27 0) (end 1.27 -2.48) (angle 135) (layer F.Fab) (width 0.1))
    (fp_line (start 4 2.01) (end -1.46 2.01) (layer F.CrtYd) (width 0.05))
    (fp_line (start 4 2.01) (end 4 -2.73) (layer F.CrtYd) (width 0.05))
    (fp_line (start -1.46 -2.73) (end -1.46 2.01) (layer F.CrtYd) (width 0.05))
    (fp_line (start -1.46 -2.73) (end 4 -2.73) (layer F.CrtYd) (width 0.05))
    (fp_line (start -0.5 1.75) (end 3 1.75) (layer F.Fab) (width 0.1))
    (fp_line (start -0.53 1.85) (end 3.07 1.85) (layer F.SilkS) (width 0.12))
    (fp_text user %R (at 1.27 -3.56 90) (layer F.Fab)
      (effects (font (size 1 1) (thickness 0.15)))
    )
    (pad 1 thru_hole rect (at 0 0 90) (size 1.05 1.5) (drill 0.75) (layers *.Cu *.Mask))
    (pad 3 thru_hole oval (at 2.54 0 90) (size 1.05 1.5) (drill 0.75) (layers *.Cu *.Mask))
    (pad 2 thru_hole oval (at 1.27 0 90) (size 1.05 1.5) (drill 0.75) (layers *.Cu *.Mask))
    (model ${KISYS3DMOD}/Package_TO_SOT_THT.3dshapes/TO-92_Inline.wrl
      (at (xyz 0 0 0))
      (scale (xyz 1 1 1))
      (rotate (xyz 0 0 0))
    )
  )

  (module Resistor_THT:R_Axial_DIN0207_L6.3mm_D2.5mm_P7.62mm_Horizontal (layer F.Cu) (tedit 5AE5139B) (tstamp 5D8F7F9F)
    (at 70.739 58.674 270)
    (descr "Resistor, Axial_DIN0207 series, Axial, Horizontal, pin pitch=7.62mm, 0.25W = 1/4W, length*diameter=6.3*2.5mm^2, http://cdn-reichelt.de/documents/datenblatt/B400/1_4W%23YAG.pdf")
    (tags "Resistor Axial_DIN0207 series Axial Horizontal pin pitch 7.62mm 0.25W = 1/4W length 6.3mm diameter 2.5mm")
    (fp_text reference R3 (at 3.81 -2.37 90) (layer F.SilkS)
      (effects (font (size 1 1) (thickness 0.15)))
    )
    (fp_text value R_Axial_DIN0207_L6.3mm_D2.5mm_P7.62mm_Horizontal (at 3.81 2.37 90) (layer F.Fab)
      (effects (font (size 1 1) (thickness 0.15)))
    )
    (fp_text user %R (at 3.81 0 90) (layer F.Fab)
      (effects (font (size 1 1) (thickness 0.15)))
    )
    (fp_line (start 8.67 -1.5) (end -1.05 -1.5) (layer F.CrtYd) (width 0.05))
    (fp_line (start 8.67 1.5) (end 8.67 -1.5) (layer F.CrtYd) (width 0.05))
    (fp_line (start -1.05 1.5) (end 8.67 1.5) (layer F.CrtYd) (width 0.05))
    (fp_line (start -1.05 -1.5) (end -1.05 1.5) (layer F.CrtYd) (width 0.05))
    (fp_line (start 7.08 1.37) (end 7.08 1.04) (layer F.SilkS) (width 0.12))
    (fp_line (start 0.54 1.37) (end 7.08 1.37) (layer F.SilkS) (width 0.12))
    (fp_line (start 0.54 1.04) (end 0.54 1.37) (layer F.SilkS) (width 0.12))
    (fp_line (start 7.08 -1.37) (end 7.08 -1.04) (layer F.SilkS) (width 0.12))
    (fp_line (start 0.54 -1.37) (end 7.08 -1.37) (layer F.SilkS) (width 0.12))
    (fp_line (start 0.54 -1.04) (end 0.54 -1.37) (layer F.SilkS) (width 0.12))
    (fp_line (start 7.62 0) (end 6.96 0) (layer F.Fab) (width 0.1))
    (fp_line (start 0 0) (end 0.66 0) (layer F.Fab) (width 0.1))
    (fp_line (start 6.96 -1.25) (end 0.66 -1.25) (layer F.Fab) (width 0.1))
    (fp_line (start 6.96 1.25) (end 6.96 -1.25) (layer F.Fab) (width 0.1))
    (fp_line (start 0.66 1.25) (end 6.96 1.25) (layer F.Fab) (width 0.1))
    (fp_line (start 0.66 -1.25) (end 0.66 1.25) (layer F.Fab) (width 0.1))
    (pad 2 thru_hole oval (at 7.62 0 270) (size 1.6 1.6) (drill 0.8) (layers *.Cu *.Mask))
    (pad 1 thru_hole circle (at 0 0 270) (size 1.6 1.6) (drill 0.8) (layers *.Cu *.Mask))
    (model ${KISYS3DMOD}/Resistor_THT.3dshapes/R_Axial_DIN0207_L6.3mm_D2.5mm_P7.62mm_Horizontal.wrl
      (at (xyz 0 0 0))
      (scale (xyz 1 1 1))
      (rotate (xyz 0 0 0))
    )
  )

  (module MountingHole:MountingHole_2.2mm_M2_ISO7380_Pad (layer F.Cu) (tedit 5D8F3FDE) (tstamp 5D8F7F98)
    (at 75.819 53.594)
    (descr "Mounting Hole 2.2mm, M2, ISO7380")
    (tags "mounting hole 2.2mm m2 iso7380")
    (attr virtual)
    (fp_text reference H7 (at 0 3.048) (layer F.SilkS)
      (effects (font (size 1 1) (thickness 0.15)))
    )
    (fp_text value MountingHole_2.2mm_M2_ISO7380_Pad (at 0 2.75) (layer F.Fab)
      (effects (font (size 1 1) (thickness 0.15)))
    )
    (fp_circle (center 0 0) (end 2 0) (layer F.CrtYd) (width 0.05))
    (fp_circle (center 0 0) (end 1.75 0) (layer Cmts.User) (width 0.15))
    (fp_text user %R (at 0.3 0) (layer F.Fab)
      (effects (font (size 1 1) (thickness 0.15)))
    )
    (pad 1 thru_hole circle (at 0 0) (size 3.5 3.5) (drill 2.2) (layers *.Cu *.Mask))
  )

  (module LED_THT:LED_D3.0mm_FlatTop (layer F.Cu) (tedit 5D8F3F82) (tstamp 5D8F7F7C)
    (at 65.659 8.89 90)
    (descr "LED, Round, FlatTop, diameter 3.0mm, 2 pins, http://www.kingbright.com/attachments/file/psearch/000/00/00/L-47XEC(Ver.9A).pdf")
    (tags "LED Round FlatTop diameter 3.0mm 2 pins")
    (fp_text reference D8 (at -1.524 -2.032 90) (layer F.SilkS)
      (effects (font (size 1 1) (thickness 0.15)))
    )
    (fp_text value LED_D3.0mm_FlatTop (at 1.27 2.96 90) (layer F.Fab)
      (effects (font (size 1 1) (thickness 0.15)))
    )
    (fp_arc (start 1.27 0) (end -0.23 -1.16619) (angle 284.3) (layer F.Fab) (width 0.1))
    (fp_arc (start 1.27 0) (end -0.29 -1.235516) (angle 108.8) (layer F.SilkS) (width 0.12))
    (fp_arc (start 1.27 0) (end -0.29 1.235516) (angle -108.8) (layer F.SilkS) (width 0.12))
    (fp_arc (start 1.27 0) (end 0.229039 -1.08) (angle 87.9) (layer F.SilkS) (width 0.12))
    (fp_arc (start 1.27 0) (end 0.229039 1.08) (angle -87.9) (layer F.SilkS) (width 0.12))
    (fp_circle (center 1.27 0) (end 2.77 0) (layer F.Fab) (width 0.1))
    (fp_line (start -0.23 -1.16619) (end -0.23 1.16619) (layer F.Fab) (width 0.1))
    (fp_line (start -0.29 -1.236) (end -0.29 -1.08) (layer F.SilkS) (width 0.12))
    (fp_line (start -0.29 1.08) (end -0.29 1.236) (layer F.SilkS) (width 0.12))
    (fp_line (start -1.15 -2.25) (end -1.15 2.25) (layer F.CrtYd) (width 0.05))
    (fp_line (start -1.15 2.25) (end 3.7 2.25) (layer F.CrtYd) (width 0.05))
    (fp_line (start 3.7 2.25) (end 3.7 -2.25) (layer F.CrtYd) (width 0.05))
    (fp_line (start 3.7 -2.25) (end -1.15 -2.25) (layer F.CrtYd) (width 0.05))
    (pad 1 thru_hole rect (at 0 0 90) (size 1.8 1.8) (drill 0.9) (layers *.Cu *.Mask))
    (pad 2 thru_hole circle (at 2.54 0 90) (size 1.8 1.8) (drill 0.9) (layers *.Cu *.Mask))
    (model ${KISYS3DMOD}/LED_THT.3dshapes/LED_D3.0mm_FlatTop.wrl
      (at (xyz 0 0 0))
      (scale (xyz 1 1 1))
      (rotate (xyz 0 0 0))
    )
  )

  (module LED_THT:LED_D3.0mm_FlatTop (layer F.Cu) (tedit 5D8F3FF8) (tstamp 5D8F7F6A)
    (at 70.739 69.342 270)
    (descr "LED, Round, FlatTop, diameter 3.0mm, 2 pins, http://www.kingbright.com/attachments/file/psearch/000/00/00/L-47XEC(Ver.9A).pdf")
    (tags "LED Round FlatTop diameter 3.0mm 2 pins")
    (fp_text reference D3 (at -1.524 -2.032 90) (layer F.SilkS)
      (effects (font (size 1 1) (thickness 0.15)))
    )
    (fp_text value LED_D3.0mm_FlatTop (at 1.27 2.96 90) (layer F.Fab)
      (effects (font (size 1 1) (thickness 0.15)))
    )
    (fp_line (start 3.7 -2.25) (end -1.15 -2.25) (layer F.CrtYd) (width 0.05))
    (fp_line (start 3.7 2.25) (end 3.7 -2.25) (layer F.CrtYd) (width 0.05))
    (fp_line (start -1.15 2.25) (end 3.7 2.25) (layer F.CrtYd) (width 0.05))
    (fp_line (start -1.15 -2.25) (end -1.15 2.25) (layer F.CrtYd) (width 0.05))
    (fp_line (start -0.29 1.08) (end -0.29 1.236) (layer F.SilkS) (width 0.12))
    (fp_line (start -0.29 -1.236) (end -0.29 -1.08) (layer F.SilkS) (width 0.12))
    (fp_line (start -0.23 -1.16619) (end -0.23 1.16619) (layer F.Fab) (width 0.1))
    (fp_circle (center 1.27 0) (end 2.77 0) (layer F.Fab) (width 0.1))
    (fp_arc (start 1.27 0) (end 0.229039 1.08) (angle -87.9) (layer F.SilkS) (width 0.12))
    (fp_arc (start 1.27 0) (end 0.229039 -1.08) (angle 87.9) (layer F.SilkS) (width 0.12))
    (fp_arc (start 1.27 0) (end -0.29 1.235516) (angle -108.8) (layer F.SilkS) (width 0.12))
    (fp_arc (start 1.27 0) (end -0.29 -1.235516) (angle 108.8) (layer F.SilkS) (width 0.12))
    (fp_arc (start 1.27 0) (end -0.23 -1.16619) (angle 284.3) (layer F.Fab) (width 0.1))
    (pad 2 thru_hole circle (at 2.54 0 270) (size 1.8 1.8) (drill 0.9) (layers *.Cu *.Mask))
    (pad 1 thru_hole rect (at 0 0 270) (size 1.8 1.8) (drill 0.9) (layers *.Cu *.Mask))
    (model ${KISYS3DMOD}/LED_THT.3dshapes/LED_D3.0mm_FlatTop.wrl
      (at (xyz 0 0 0))
      (scale (xyz 1 1 1))
      (rotate (xyz 0 0 0))
    )
  )

  (module LED_THT:LED_D3.0mm_FlatTop (layer F.Cu) (tedit 5D8F3FEE) (tstamp 5D8F7F58)
    (at 65.659 69.342 270)
    (descr "LED, Round, FlatTop, diameter 3.0mm, 2 pins, http://www.kingbright.com/attachments/file/psearch/000/00/00/L-47XEC(Ver.9A).pdf")
    (tags "LED Round FlatTop diameter 3.0mm 2 pins")
    (fp_text reference D4 (at -1.27 -2.032 90) (layer F.SilkS)
      (effects (font (size 1 1) (thickness 0.15)))
    )
    (fp_text value LED_D3.0mm_FlatTop (at 1.27 2.96 90) (layer F.Fab)
      (effects (font (size 1 1) (thickness 0.15)))
    )
    (fp_arc (start 1.27 0) (end -0.23 -1.16619) (angle 284.3) (layer F.Fab) (width 0.1))
    (fp_arc (start 1.27 0) (end -0.29 -1.235516) (angle 108.8) (layer F.SilkS) (width 0.12))
    (fp_arc (start 1.27 0) (end -0.29 1.235516) (angle -108.8) (layer F.SilkS) (width 0.12))
    (fp_arc (start 1.27 0) (end 0.229039 -1.08) (angle 87.9) (layer F.SilkS) (width 0.12))
    (fp_arc (start 1.27 0) (end 0.229039 1.08) (angle -87.9) (layer F.SilkS) (width 0.12))
    (fp_circle (center 1.27 0) (end 2.77 0) (layer F.Fab) (width 0.1))
    (fp_line (start -0.23 -1.16619) (end -0.23 1.16619) (layer F.Fab) (width 0.1))
    (fp_line (start -0.29 -1.236) (end -0.29 -1.08) (layer F.SilkS) (width 0.12))
    (fp_line (start -0.29 1.08) (end -0.29 1.236) (layer F.SilkS) (width 0.12))
    (fp_line (start -1.15 -2.25) (end -1.15 2.25) (layer F.CrtYd) (width 0.05))
    (fp_line (start -1.15 2.25) (end 3.7 2.25) (layer F.CrtYd) (width 0.05))
    (fp_line (start 3.7 2.25) (end 3.7 -2.25) (layer F.CrtYd) (width 0.05))
    (fp_line (start 3.7 -2.25) (end -1.15 -2.25) (layer F.CrtYd) (width 0.05))
    (pad 1 thru_hole rect (at 0 0 270) (size 1.8 1.8) (drill 0.9) (layers *.Cu *.Mask))
    (pad 2 thru_hole circle (at 2.54 0 270) (size 1.8 1.8) (drill 0.9) (layers *.Cu *.Mask))
    (model ${KISYS3DMOD}/LED_THT.3dshapes/LED_D3.0mm_FlatTop.wrl
      (at (xyz 0 0 0))
      (scale (xyz 1 1 1))
      (rotate (xyz 0 0 0))
    )
  )

  (module Resistor_THT:R_Axial_DIN0207_L6.3mm_D2.5mm_P7.62mm_Horizontal (layer F.Cu) (tedit 5AE5139B) (tstamp 5D8F7F42)
    (at 75.819 58.674 270)
    (descr "Resistor, Axial_DIN0207 series, Axial, Horizontal, pin pitch=7.62mm, 0.25W = 1/4W, length*diameter=6.3*2.5mm^2, http://cdn-reichelt.de/documents/datenblatt/B400/1_4W%23YAG.pdf")
    (tags "Resistor Axial_DIN0207 series Axial Horizontal pin pitch 7.62mm 0.25W = 1/4W length 6.3mm diameter 2.5mm")
    (fp_text reference R2 (at 3.81 -2.37 90) (layer F.SilkS)
      (effects (font (size 1 1) (thickness 0.15)))
    )
    (fp_text value R_Axial_DIN0207_L6.3mm_D2.5mm_P7.62mm_Horizontal (at 3.81 2.37 90) (layer F.Fab)
      (effects (font (size 1 1) (thickness 0.15)))
    )
    (fp_line (start 0.66 -1.25) (end 0.66 1.25) (layer F.Fab) (width 0.1))
    (fp_line (start 0.66 1.25) (end 6.96 1.25) (layer F.Fab) (width 0.1))
    (fp_line (start 6.96 1.25) (end 6.96 -1.25) (layer F.Fab) (width 0.1))
    (fp_line (start 6.96 -1.25) (end 0.66 -1.25) (layer F.Fab) (width 0.1))
    (fp_line (start 0 0) (end 0.66 0) (layer F.Fab) (width 0.1))
    (fp_line (start 7.62 0) (end 6.96 0) (layer F.Fab) (width 0.1))
    (fp_line (start 0.54 -1.04) (end 0.54 -1.37) (layer F.SilkS) (width 0.12))
    (fp_line (start 0.54 -1.37) (end 7.08 -1.37) (layer F.SilkS) (width 0.12))
    (fp_line (start 7.08 -1.37) (end 7.08 -1.04) (layer F.SilkS) (width 0.12))
    (fp_line (start 0.54 1.04) (end 0.54 1.37) (layer F.SilkS) (width 0.12))
    (fp_line (start 0.54 1.37) (end 7.08 1.37) (layer F.SilkS) (width 0.12))
    (fp_line (start 7.08 1.37) (end 7.08 1.04) (layer F.SilkS) (width 0.12))
    (fp_line (start -1.05 -1.5) (end -1.05 1.5) (layer F.CrtYd) (width 0.05))
    (fp_line (start -1.05 1.5) (end 8.67 1.5) (layer F.CrtYd) (width 0.05))
    (fp_line (start 8.67 1.5) (end 8.67 -1.5) (layer F.CrtYd) (width 0.05))
    (fp_line (start 8.67 -1.5) (end -1.05 -1.5) (layer F.CrtYd) (width 0.05))
    (fp_text user %R (at 3.81 0 90) (layer F.Fab)
      (effects (font (size 1 1) (thickness 0.15)))
    )
    (pad 1 thru_hole circle (at 0 0 270) (size 1.6 1.6) (drill 0.8) (layers *.Cu *.Mask))
    (pad 2 thru_hole oval (at 7.62 0 270) (size 1.6 1.6) (drill 0.8) (layers *.Cu *.Mask))
    (model ${KISYS3DMOD}/Resistor_THT.3dshapes/R_Axial_DIN0207_L6.3mm_D2.5mm_P7.62mm_Horizontal.wrl
      (at (xyz 0 0 0))
      (scale (xyz 1 1 1))
      (rotate (xyz 0 0 0))
    )
  )

  (module MountingHole:MountingHole_2.2mm_M2_ISO7380_Pad (layer F.Cu) (tedit 56D1B4CB) (tstamp 5D8F7F31)
    (at 70.739 24.384)
    (descr "Mounting Hole 2.2mm, M2, ISO7380")
    (tags "mounting hole 2.2mm m2 iso7380")
    (attr virtual)
    (fp_text reference H3 (at 0 -2.75) (layer F.SilkS)
      (effects (font (size 1 1) (thickness 0.15)))
    )
    (fp_text value MountingHole_2.2mm_M2_ISO7380_Pad (at 0 2.75) (layer F.Fab)
      (effects (font (size 1 1) (thickness 0.15)))
    )
    (fp_text user %R (at 0.3 0) (layer F.Fab)
      (effects (font (size 1 1) (thickness 0.15)))
    )
    (fp_circle (center 0 0) (end 1.75 0) (layer Cmts.User) (width 0.15))
    (fp_circle (center 0 0) (end 2 0) (layer F.CrtYd) (width 0.05))
    (pad 1 thru_hole circle (at 0 0) (size 3.5 3.5) (drill 2.2) (layers *.Cu *.Mask))
  )

  (module MountingHole:MountingHole_2.2mm_M2_ISO7380_Pad (layer F.Cu) (tedit 56D1B4CB) (tstamp 5D8F7F2A)
    (at 80.899 24.384)
    (descr "Mounting Hole 2.2mm, M2, ISO7380")
    (tags "mounting hole 2.2mm m2 iso7380")
    (attr virtual)
    (fp_text reference H1 (at 0 -2.75) (layer F.SilkS)
      (effects (font (size 1 1) (thickness 0.15)))
    )
    (fp_text value MountingHole_2.2mm_M2_ISO7380_Pad (at 0 2.75) (layer F.Fab)
      (effects (font (size 1 1) (thickness 0.15)))
    )
    (fp_text user %R (at 0.3 0) (layer F.Fab)
      (effects (font (size 1 1) (thickness 0.15)))
    )
    (fp_circle (center 0 0) (end 1.75 0) (layer Cmts.User) (width 0.15))
    (fp_circle (center 0 0) (end 2 0) (layer F.CrtYd) (width 0.05))
    (pad 1 thru_hole circle (at 0 0) (size 3.5 3.5) (drill 2.2) (layers *.Cu *.Mask))
  )

  (module LED_THT:LED_D3.0mm_FlatTop (layer F.Cu) (tedit 5D8F3F53) (tstamp 5D8F7F18)
    (at 80.899 8.89 90)
    (descr "LED, Round, FlatTop, diameter 3.0mm, 2 pins, http://www.kingbright.com/attachments/file/psearch/000/00/00/L-47XEC(Ver.9A).pdf")
    (tags "LED Round FlatTop diameter 3.0mm 2 pins")
    (fp_text reference D5 (at -1.27 -2.032 90) (layer F.SilkS)
      (effects (font (size 1 1) (thickness 0.15)))
    )
    (fp_text value LED_D3.0mm_FlatTop (at 1.27 2.96 90) (layer F.Fab)
      (effects (font (size 1 1) (thickness 0.15)))
    )
    (fp_line (start 3.7 -2.25) (end -1.15 -2.25) (layer F.CrtYd) (width 0.05))
    (fp_line (start 3.7 2.25) (end 3.7 -2.25) (layer F.CrtYd) (width 0.05))
    (fp_line (start -1.15 2.25) (end 3.7 2.25) (layer F.CrtYd) (width 0.05))
    (fp_line (start -1.15 -2.25) (end -1.15 2.25) (layer F.CrtYd) (width 0.05))
    (fp_line (start -0.29 1.08) (end -0.29 1.236) (layer F.SilkS) (width 0.12))
    (fp_line (start -0.29 -1.236) (end -0.29 -1.08) (layer F.SilkS) (width 0.12))
    (fp_line (start -0.23 -1.16619) (end -0.23 1.16619) (layer F.Fab) (width 0.1))
    (fp_circle (center 1.27 0) (end 2.77 0) (layer F.Fab) (width 0.1))
    (fp_arc (start 1.27 0) (end 0.229039 1.08) (angle -87.9) (layer F.SilkS) (width 0.12))
    (fp_arc (start 1.27 0) (end 0.229039 -1.08) (angle 87.9) (layer F.SilkS) (width 0.12))
    (fp_arc (start 1.27 0) (end -0.29 1.235516) (angle -108.8) (layer F.SilkS) (width 0.12))
    (fp_arc (start 1.27 0) (end -0.29 -1.235516) (angle 108.8) (layer F.SilkS) (width 0.12))
    (fp_arc (start 1.27 0) (end -0.23 -1.16619) (angle 284.3) (layer F.Fab) (width 0.1))
    (pad 2 thru_hole circle (at 2.54 0 90) (size 1.8 1.8) (drill 0.9) (layers *.Cu *.Mask))
    (pad 1 thru_hole rect (at 0 0 90) (size 1.8 1.8) (drill 0.9) (layers *.Cu *.Mask))
    (model ${KISYS3DMOD}/LED_THT.3dshapes/LED_D3.0mm_FlatTop.wrl
      (at (xyz 0 0 0))
      (scale (xyz 1 1 1))
      (rotate (xyz 0 0 0))
    )
  )

  (module Resistor_THT:R_Axial_DIN0207_L6.3mm_D2.5mm_P7.62mm_Horizontal (layer F.Cu) (tedit 5AE5139B) (tstamp 5D8F7F02)
    (at 70.485 42.164 315)
    (descr "Resistor, Axial_DIN0207 series, Axial, Horizontal, pin pitch=7.62mm, 0.25W = 1/4W, length*diameter=6.3*2.5mm^2, http://cdn-reichelt.de/documents/datenblatt/B400/1_4W%23YAG.pdf")
    (tags "Resistor Axial_DIN0207 series Axial Horizontal pin pitch 7.62mm 0.25W = 1/4W length 6.3mm diameter 2.5mm")
    (fp_text reference R9 (at 3.81 -2.37 135) (layer F.SilkS)
      (effects (font (size 1 1) (thickness 0.15)))
    )
    (fp_text value R_Axial_DIN0207_L6.3mm_D2.5mm_P7.62mm_Horizontal (at 3.81 2.37 135) (layer F.Fab)
      (effects (font (size 1 1) (thickness 0.15)))
    )
    (fp_text user %R (at 3.81 0 135) (layer F.Fab)
      (effects (font (size 1 1) (thickness 0.15)))
    )
    (fp_line (start 8.67 -1.5) (end -1.05 -1.5) (layer F.CrtYd) (width 0.05))
    (fp_line (start 8.67 1.5) (end 8.67 -1.5) (layer F.CrtYd) (width 0.05))
    (fp_line (start -1.05 1.5) (end 8.67 1.5) (layer F.CrtYd) (width 0.05))
    (fp_line (start -1.05 -1.5) (end -1.05 1.5) (layer F.CrtYd) (width 0.05))
    (fp_line (start 7.08 1.37) (end 7.08 1.04) (layer F.SilkS) (width 0.12))
    (fp_line (start 0.54 1.37) (end 7.08 1.37) (layer F.SilkS) (width 0.12))
    (fp_line (start 0.54 1.04) (end 0.54 1.37) (layer F.SilkS) (width 0.12))
    (fp_line (start 7.08 -1.37) (end 7.08 -1.04) (layer F.SilkS) (width 0.12))
    (fp_line (start 0.54 -1.37) (end 7.08 -1.37) (layer F.SilkS) (width 0.12))
    (fp_line (start 0.54 -1.04) (end 0.54 -1.37) (layer F.SilkS) (width 0.12))
    (fp_line (start 7.62 0) (end 6.96 0) (layer F.Fab) (width 0.1))
    (fp_line (start 0 0) (end 0.66 0) (layer F.Fab) (width 0.1))
    (fp_line (start 6.96 -1.25) (end 0.66 -1.25) (layer F.Fab) (width 0.1))
    (fp_line (start 6.96 1.25) (end 6.96 -1.25) (layer F.Fab) (width 0.1))
    (fp_line (start 0.66 1.25) (end 6.96 1.25) (layer F.Fab) (width 0.1))
    (fp_line (start 0.66 -1.25) (end 0.66 1.25) (layer F.Fab) (width 0.1))
    (pad 2 thru_hole oval (at 7.62 0 315) (size 1.6 1.6) (drill 0.8) (layers *.Cu *.Mask))
    (pad 1 thru_hole circle (at 0 0 315) (size 1.6 1.6) (drill 0.8) (layers *.Cu *.Mask))
    (model ${KISYS3DMOD}/Resistor_THT.3dshapes/R_Axial_DIN0207_L6.3mm_D2.5mm_P7.62mm_Horizontal.wrl
      (at (xyz 0 0 0))
      (scale (xyz 1 1 1))
      (rotate (xyz 0 0 0))
    )
  )

  (module MountingHole:MountingHole_2.2mm_M2_ISO7380_Pad (layer F.Cu) (tedit 56D1B4CB) (tstamp 5D8F7EFA)
    (at 65.659 53.594)
    (descr "Mounting Hole 2.2mm, M2, ISO7380")
    (tags "mounting hole 2.2mm m2 iso7380")
    (attr virtual)
    (fp_text reference H5 (at 0 3.048) (layer F.SilkS)
      (effects (font (size 1 1) (thickness 0.15)))
    )
    (fp_text value MountingHole_2.2mm_M2_ISO7380_Pad (at 0 2.75) (layer F.Fab)
      (effects (font (size 1 1) (thickness 0.15)))
    )
    (fp_circle (center 0 0) (end 2 0) (layer F.CrtYd) (width 0.05))
    (fp_circle (center 0 0) (end 1.75 0) (layer Cmts.User) (width 0.15))
    (fp_text user %R (at 0.3 0) (layer F.Fab)
      (effects (font (size 1 1) (thickness 0.15)))
    )
    (pad 1 thru_hole circle (at 0 0) (size 3.5 3.5) (drill 2.2) (layers *.Cu *.Mask))
  )

  (module Resistor_THT:R_Axial_DIN0207_L6.3mm_D2.5mm_P7.62mm_Horizontal (layer F.Cu) (tedit 5AE5139B) (tstamp 5D8F7EE3)
    (at 75.819 19.558 90)
    (descr "Resistor, Axial_DIN0207 series, Axial, Horizontal, pin pitch=7.62mm, 0.25W = 1/4W, length*diameter=6.3*2.5mm^2, http://cdn-reichelt.de/documents/datenblatt/B400/1_4W%23YAG.pdf")
    (tags "Resistor Axial_DIN0207 series Axial Horizontal pin pitch 7.62mm 0.25W = 1/4W length 6.3mm diameter 2.5mm")
    (fp_text reference R6 (at 3.81 -2.37 90) (layer F.SilkS)
      (effects (font (size 1 1) (thickness 0.15)))
    )
    (fp_text value R_Axial_DIN0207_L6.3mm_D2.5mm_P7.62mm_Horizontal (at 3.81 2.37 90) (layer F.Fab)
      (effects (font (size 1 1) (thickness 0.15)))
    )
    (fp_line (start 0.66 -1.25) (end 0.66 1.25) (layer F.Fab) (width 0.1))
    (fp_line (start 0.66 1.25) (end 6.96 1.25) (layer F.Fab) (width 0.1))
    (fp_line (start 6.96 1.25) (end 6.96 -1.25) (layer F.Fab) (width 0.1))
    (fp_line (start 6.96 -1.25) (end 0.66 -1.25) (layer F.Fab) (width 0.1))
    (fp_line (start 0 0) (end 0.66 0) (layer F.Fab) (width 0.1))
    (fp_line (start 7.62 0) (end 6.96 0) (layer F.Fab) (width 0.1))
    (fp_line (start 0.54 -1.04) (end 0.54 -1.37) (layer F.SilkS) (width 0.12))
    (fp_line (start 0.54 -1.37) (end 7.08 -1.37) (layer F.SilkS) (width 0.12))
    (fp_line (start 7.08 -1.37) (end 7.08 -1.04) (layer F.SilkS) (width 0.12))
    (fp_line (start 0.54 1.04) (end 0.54 1.37) (layer F.SilkS) (width 0.12))
    (fp_line (start 0.54 1.37) (end 7.08 1.37) (layer F.SilkS) (width 0.12))
    (fp_line (start 7.08 1.37) (end 7.08 1.04) (layer F.SilkS) (width 0.12))
    (fp_line (start -1.05 -1.5) (end -1.05 1.5) (layer F.CrtYd) (width 0.05))
    (fp_line (start -1.05 1.5) (end 8.67 1.5) (layer F.CrtYd) (width 0.05))
    (fp_line (start 8.67 1.5) (end 8.67 -1.5) (layer F.CrtYd) (width 0.05))
    (fp_line (start 8.67 -1.5) (end -1.05 -1.5) (layer F.CrtYd) (width 0.05))
    (fp_text user %R (at 3.81 0 90) (layer F.Fab)
      (effects (font (size 1 1) (thickness 0.15)))
    )
    (pad 1 thru_hole circle (at 0 0 90) (size 1.6 1.6) (drill 0.8) (layers *.Cu *.Mask))
    (pad 2 thru_hole oval (at 7.62 0 90) (size 1.6 1.6) (drill 0.8) (layers *.Cu *.Mask))
    (model ${KISYS3DMOD}/Resistor_THT.3dshapes/R_Axial_DIN0207_L6.3mm_D2.5mm_P7.62mm_Horizontal.wrl
      (at (xyz 0 0 0))
      (scale (xyz 1 1 1))
      (rotate (xyz 0 0 0))
    )
  )

  (module Resistor_THT:R_Axial_DIN0207_L6.3mm_D2.5mm_P7.62mm_Horizontal (layer F.Cu) (tedit 5AE5139B) (tstamp 5D8F7ECB)
    (at 70.739 19.558 90)
    (descr "Resistor, Axial_DIN0207 series, Axial, Horizontal, pin pitch=7.62mm, 0.25W = 1/4W, length*diameter=6.3*2.5mm^2, http://cdn-reichelt.de/documents/datenblatt/B400/1_4W%23YAG.pdf")
    (tags "Resistor Axial_DIN0207 series Axial Horizontal pin pitch 7.62mm 0.25W = 1/4W length 6.3mm diameter 2.5mm")
    (fp_text reference R7 (at 3.81 -2.37 90) (layer F.SilkS)
      (effects (font (size 1 1) (thickness 0.15)))
    )
    (fp_text value R_Axial_DIN0207_L6.3mm_D2.5mm_P7.62mm_Horizontal (at 3.81 2.37 90) (layer F.Fab)
      (effects (font (size 1 1) (thickness 0.15)))
    )
    (fp_text user %R (at 3.81 0 90) (layer F.Fab)
      (effects (font (size 1 1) (thickness 0.15)))
    )
    (fp_line (start 8.67 -1.5) (end -1.05 -1.5) (layer F.CrtYd) (width 0.05))
    (fp_line (start 8.67 1.5) (end 8.67 -1.5) (layer F.CrtYd) (width 0.05))
    (fp_line (start -1.05 1.5) (end 8.67 1.5) (layer F.CrtYd) (width 0.05))
    (fp_line (start -1.05 -1.5) (end -1.05 1.5) (layer F.CrtYd) (width 0.05))
    (fp_line (start 7.08 1.37) (end 7.08 1.04) (layer F.SilkS) (width 0.12))
    (fp_line (start 0.54 1.37) (end 7.08 1.37) (layer F.SilkS) (width 0.12))
    (fp_line (start 0.54 1.04) (end 0.54 1.37) (layer F.SilkS) (width 0.12))
    (fp_line (start 7.08 -1.37) (end 7.08 -1.04) (layer F.SilkS) (width 0.12))
    (fp_line (start 0.54 -1.37) (end 7.08 -1.37) (layer F.SilkS) (width 0.12))
    (fp_line (start 0.54 -1.04) (end 0.54 -1.37) (layer F.SilkS) (width 0.12))
    (fp_line (start 7.62 0) (end 6.96 0) (layer F.Fab) (width 0.1))
    (fp_line (start 0 0) (end 0.66 0) (layer F.Fab) (width 0.1))
    (fp_line (start 6.96 -1.25) (end 0.66 -1.25) (layer F.Fab) (width 0.1))
    (fp_line (start 6.96 1.25) (end 6.96 -1.25) (layer F.Fab) (width 0.1))
    (fp_line (start 0.66 1.25) (end 6.96 1.25) (layer F.Fab) (width 0.1))
    (fp_line (start 0.66 -1.25) (end 0.66 1.25) (layer F.Fab) (width 0.1))
    (pad 2 thru_hole oval (at 7.62 0 90) (size 1.6 1.6) (drill 0.8) (layers *.Cu *.Mask))
    (pad 1 thru_hole circle (at 0 0 90) (size 1.6 1.6) (drill 0.8) (layers *.Cu *.Mask))
    (model ${KISYS3DMOD}/Resistor_THT.3dshapes/R_Axial_DIN0207_L6.3mm_D2.5mm_P7.62mm_Horizontal.wrl
      (at (xyz 0 0 0))
      (scale (xyz 1 1 1))
      (rotate (xyz 0 0 0))
    )
  )

  (module LED_THT:LED_D3.0mm_FlatTop (layer F.Cu) (tedit 5D8F3F74) (tstamp 5D8F7EB5)
    (at 75.819 8.89 90)
    (descr "LED, Round, FlatTop, diameter 3.0mm, 2 pins, http://www.kingbright.com/attachments/file/psearch/000/00/00/L-47XEC(Ver.9A).pdf")
    (tags "LED Round FlatTop diameter 3.0mm 2 pins")
    (fp_text reference D6 (at -1.524 -2.032 90) (layer F.SilkS)
      (effects (font (size 1 1) (thickness 0.15)))
    )
    (fp_text value LED_D3.0mm_FlatTop (at 1.27 2.96 90) (layer F.Fab)
      (effects (font (size 1 1) (thickness 0.15)))
    )
    (fp_arc (start 1.27 0) (end -0.23 -1.16619) (angle 284.3) (layer F.Fab) (width 0.1))
    (fp_arc (start 1.27 0) (end -0.29 -1.235516) (angle 108.8) (layer F.SilkS) (width 0.12))
    (fp_arc (start 1.27 0) (end -0.29 1.235516) (angle -108.8) (layer F.SilkS) (width 0.12))
    (fp_arc (start 1.27 0) (end 0.229039 -1.08) (angle 87.9) (layer F.SilkS) (width 0.12))
    (fp_arc (start 1.27 0) (end 0.229039 1.08) (angle -87.9) (layer F.SilkS) (width 0.12))
    (fp_circle (center 1.27 0) (end 2.77 0) (layer F.Fab) (width 0.1))
    (fp_line (start -0.23 -1.16619) (end -0.23 1.16619) (layer F.Fab) (width 0.1))
    (fp_line (start -0.29 -1.236) (end -0.29 -1.08) (layer F.SilkS) (width 0.12))
    (fp_line (start -0.29 1.08) (end -0.29 1.236) (layer F.SilkS) (width 0.12))
    (fp_line (start -1.15 -2.25) (end -1.15 2.25) (layer F.CrtYd) (width 0.05))
    (fp_line (start -1.15 2.25) (end 3.7 2.25) (layer F.CrtYd) (width 0.05))
    (fp_line (start 3.7 2.25) (end 3.7 -2.25) (layer F.CrtYd) (width 0.05))
    (fp_line (start 3.7 -2.25) (end -1.15 -2.25) (layer F.CrtYd) (width 0.05))
    (pad 1 thru_hole rect (at 0 0 90) (size 1.8 1.8) (drill 0.9) (layers *.Cu *.Mask))
    (pad 2 thru_hole circle (at 2.54 0 90) (size 1.8 1.8) (drill 0.9) (layers *.Cu *.Mask))
    (model ${KISYS3DMOD}/LED_THT.3dshapes/LED_D3.0mm_FlatTop.wrl
      (at (xyz 0 0 0))
      (scale (xyz 1 1 1))
      (rotate (xyz 0 0 0))
    )
  )

  (module MountingHole:MountingHole_2.2mm_M2_ISO7380_Pad (layer F.Cu) (tedit 56D1B4CB) (tstamp 5D8F7EAA)
    (at 65.659 24.384)
    (descr "Mounting Hole 2.2mm, M2, ISO7380")
    (tags "mounting hole 2.2mm m2 iso7380")
    (attr virtual)
    (fp_text reference H4 (at 0 -2.75) (layer F.SilkS)
      (effects (font (size 1 1) (thickness 0.15)))
    )
    (fp_text value MountingHole_2.2mm_M2_ISO7380_Pad (at 0 2.75) (layer F.Fab)
      (effects (font (size 1 1) (thickness 0.15)))
    )
    (fp_text user %R (at 0.3 0) (layer F.Fab)
      (effects (font (size 1 1) (thickness 0.15)))
    )
    (fp_circle (center 0 0) (end 1.75 0) (layer Cmts.User) (width 0.15))
    (fp_circle (center 0 0) (end 2 0) (layer F.CrtYd) (width 0.05))
    (pad 1 thru_hole circle (at 0 0) (size 3.5 3.5) (drill 2.2) (layers *.Cu *.Mask))
  )

  (module Connector_PinSocket_2.54mm:PinSocket_1x02_P2.54mm_Vertical (layer F.Cu) (tedit 5D8F3FC4) (tstamp 5D8F7E8D)
    (at 80.899 32.004)
    (descr "Through hole straight socket strip, 1x02, 2.54mm pitch, single row (from Kicad 4.0.7), script generated")
    (tags "Through hole socket strip THT 1x02 2.54mm single row")
    (fp_text reference J2 (at 0 5.08) (layer F.SilkS)
      (effects (font (size 1 1) (thickness 0.15)))
    )
    (fp_text value PinSocket_1x02_P2.54mm_Vertical (at 0 5.31) (layer F.Fab)
      (effects (font (size 1 1) (thickness 0.15)))
    )
    (fp_line (start -1.27 -1.27) (end 0.635 -1.27) (layer F.Fab) (width 0.1))
    (fp_line (start 0.635 -1.27) (end 1.27 -0.635) (layer F.Fab) (width 0.1))
    (fp_line (start 1.27 -0.635) (end 1.27 3.81) (layer F.Fab) (width 0.1))
    (fp_line (start 1.27 3.81) (end -1.27 3.81) (layer F.Fab) (width 0.1))
    (fp_line (start -1.27 3.81) (end -1.27 -1.27) (layer F.Fab) (width 0.1))
    (fp_line (start -1.33 1.27) (end 1.33 1.27) (layer F.SilkS) (width 0.12))
    (fp_line (start -1.33 1.27) (end -1.33 3.87) (layer F.SilkS) (width 0.12))
    (fp_line (start -1.33 3.87) (end 1.33 3.87) (layer F.SilkS) (width 0.12))
    (fp_line (start 1.33 1.27) (end 1.33 3.87) (layer F.SilkS) (width 0.12))
    (fp_line (start 1.33 -1.33) (end 1.33 0) (layer F.SilkS) (width 0.12))
    (fp_line (start 0 -1.33) (end 1.33 -1.33) (layer F.SilkS) (width 0.12))
    (fp_line (start -1.8 -1.8) (end 1.75 -1.8) (layer F.CrtYd) (width 0.05))
    (fp_line (start 1.75 -1.8) (end 1.75 4.3) (layer F.CrtYd) (width 0.05))
    (fp_line (start 1.75 4.3) (end -1.8 4.3) (layer F.CrtYd) (width 0.05))
    (fp_line (start -1.8 4.3) (end -1.8 -1.8) (layer F.CrtYd) (width 0.05))
    (fp_text user %R (at 0 1.27 90) (layer F.Fab)
      (effects (font (size 1 1) (thickness 0.15)))
    )
    (pad 1 thru_hole rect (at 0 0) (size 1.7 1.7) (drill 1) (layers *.Cu *.Mask))
    (pad 2 thru_hole oval (at 0 2.54) (size 1.7 1.7) (drill 1) (layers *.Cu *.Mask))
    (model ${KISYS3DMOD}/Connector_PinSocket_2.54mm.3dshapes/PinSocket_1x02_P2.54mm_Vertical.wrl
      (at (xyz 0 0 0))
      (scale (xyz 1 1 1))
      (rotate (xyz 0 0 0))
    )
  )

  (module Resistor_THT:R_Axial_DIN0207_L6.3mm_D2.5mm_P7.62mm_Horizontal (layer F.Cu) (tedit 5AE5139B) (tstamp 5D8F7E77)
    (at 80.899 19.558 90)
    (descr "Resistor, Axial_DIN0207 series, Axial, Horizontal, pin pitch=7.62mm, 0.25W = 1/4W, length*diameter=6.3*2.5mm^2, http://cdn-reichelt.de/documents/datenblatt/B400/1_4W%23YAG.pdf")
    (tags "Resistor Axial_DIN0207 series Axial Horizontal pin pitch 7.62mm 0.25W = 1/4W length 6.3mm diameter 2.5mm")
    (fp_text reference R5 (at 3.81 -2.37 90) (layer F.SilkS)
      (effects (font (size 1 1) (thickness 0.15)))
    )
    (fp_text value R_Axial_DIN0207_L6.3mm_D2.5mm_P7.62mm_Horizontal (at 3.81 2.37 90) (layer F.Fab)
      (effects (font (size 1 1) (thickness 0.15)))
    )
    (fp_text user %R (at 3.81 0 90) (layer F.Fab)
      (effects (font (size 1 1) (thickness 0.15)))
    )
    (fp_line (start 8.67 -1.5) (end -1.05 -1.5) (layer F.CrtYd) (width 0.05))
    (fp_line (start 8.67 1.5) (end 8.67 -1.5) (layer F.CrtYd) (width 0.05))
    (fp_line (start -1.05 1.5) (end 8.67 1.5) (layer F.CrtYd) (width 0.05))
    (fp_line (start -1.05 -1.5) (end -1.05 1.5) (layer F.CrtYd) (width 0.05))
    (fp_line (start 7.08 1.37) (end 7.08 1.04) (layer F.SilkS) (width 0.12))
    (fp_line (start 0.54 1.37) (end 7.08 1.37) (layer F.SilkS) (width 0.12))
    (fp_line (start 0.54 1.04) (end 0.54 1.37) (layer F.SilkS) (width 0.12))
    (fp_line (start 7.08 -1.37) (end 7.08 -1.04) (layer F.SilkS) (width 0.12))
    (fp_line (start 0.54 -1.37) (end 7.08 -1.37) (layer F.SilkS) (width 0.12))
    (fp_line (start 0.54 -1.04) (end 0.54 -1.37) (layer F.SilkS) (width 0.12))
    (fp_line (start 7.62 0) (end 6.96 0) (layer F.Fab) (width 0.1))
    (fp_line (start 0 0) (end 0.66 0) (layer F.Fab) (width 0.1))
    (fp_line (start 6.96 -1.25) (end 0.66 -1.25) (layer F.Fab) (width 0.1))
    (fp_line (start 6.96 1.25) (end 6.96 -1.25) (layer F.Fab) (width 0.1))
    (fp_line (start 0.66 1.25) (end 6.96 1.25) (layer F.Fab) (width 0.1))
    (fp_line (start 0.66 -1.25) (end 0.66 1.25) (layer F.Fab) (width 0.1))
    (pad 2 thru_hole oval (at 7.62 0 90) (size 1.6 1.6) (drill 0.8) (layers *.Cu *.Mask))
    (pad 1 thru_hole circle (at 0 0 90) (size 1.6 1.6) (drill 0.8) (layers *.Cu *.Mask))
    (model ${KISYS3DMOD}/Resistor_THT.3dshapes/R_Axial_DIN0207_L6.3mm_D2.5mm_P7.62mm_Horizontal.wrl
      (at (xyz 0 0 0))
      (scale (xyz 1 1 1))
      (rotate (xyz 0 0 0))
    )
  )

  (module MountingHole:MountingHole_2.2mm_M2_ISO7380_Pad (layer F.Cu) (tedit 5D8F3FB5) (tstamp 5D8F7E6A)
    (at 75.819 24.384)
    (descr "Mounting Hole 2.2mm, M2, ISO7380")
    (tags "mounting hole 2.2mm m2 iso7380")
    (attr virtual)
    (fp_text reference H2 (at 0 -2.75) (layer F.SilkS)
      (effects (font (size 1 1) (thickness 0.15)))
    )
    (fp_text value MountingHole_2.2mm_M2_ISO7380_Pad (at 0 2.75) (layer F.Fab)
      (effects (font (size 1 1) (thickness 0.15)))
    )
    (fp_text user %R (at 0.3 0) (layer F.Fab)
      (effects (font (size 1 1) (thickness 0.15)))
    )
    (fp_circle (center 0 0) (end 1.75 0) (layer Cmts.User) (width 0.15))
